Training Time: 17.335267066955566 seconds
Homogeneity: 0.00041590221519642763
Completeness: 0.06364534636918961
V_Measure: 0.0008264041406255573
Accuracy: 0.5005130118459099
